---
title: "Allignment of 3D Shoe Scans"
output: html_document
---


```{r, include = FALSE}
knitr::opts_chunk$set(
  collapse = TRUE,
  tidy = TRUE,
  comment = "#>"
)
rgl::setupKnitr()
```

```{r setup} 
#adding packages prior to use
library(shoe3d)
library(tidyverse)
library(rgl)
library(Rvcg) 
library(MBA) 
```


```{r}
#setting up file path 
stl_files <- list.files("../data-raw", pattern = ".stl", full.names = T)
```



The idea of allignment is to take the most basic features, allign them, then by adding complexity of the soul, further allign the two different shoes. The idea is that we want to take a lower detail scan of shoe, allign it, then by adding complexity we can further allign the shoes. 

```{r}
#grabbing a single shoe
shoe1 <- tibble(
  path = stl_files,
  date = str_extract(path, "\\d{8}")
) %>% 
  # Get only one shoe
 dplyr:: filter(str_detect(path, "048462L")) %>%
  # Get only the first rep
 dplyr:: filter(str_detect(path, "3_1_1")) %>%
  mutate(
    stl = purrr::map(path, function(x) readSTL(x, plot = F) %>% scale(center = T, scale = F))
    ) %>%
  mutate(
    asp_ranges = purrr::map(stl, ~apply(., 2, function(x) diff(range(x)))),
    asp_ratio = purrr::map_dbl(asp_ranges, ~.[1]/.[2]),
    surface = purrr::map2(stl, asp_ratio, ~mba.points(.x, .x[,1:2], .y, 1, h = 3)[[1]]),
    resid =  purrr::map2(stl, surface, ~ .x - cbind(0, 0, .y[,3]))
  )

nr1<-nrow(shoe1)
```


```{r}
#grabbing the same brand of shoe but a different wear
shoe2 <- tibble(
  path = stl_files,
  date = str_extract(path, "\\d{8}")
) %>% 
  # Get only one shoe
 dplyr:: filter(str_detect(path, "060706L")) %>%
  # Get only the first rep
 dplyr:: filter(str_detect(path, "3_1_1")) %>%
  mutate(
    stl = purrr::map(path, function(x) readSTL(x, plot = F) %>% scale(center = T, scale = F))
    ) %>%
  mutate(
    asp_ranges = purrr::map(stl, ~apply(., 2, function(x) diff(range(x)))),
    asp_ratio = purrr::map_dbl(asp_ranges, ~.[1]/.[2]),
    surface = purrr::map2(stl, asp_ratio, ~mba.points(.x, .x[,1:2], .y, 1, h = 3)[[1]]),
    resid =  purrr::map2(stl, surface, ~ .x - cbind(0, 0, .y[,3]))
  )
nr2<-nrow(shoe2)
```



Now we are going to start working with a specfic shoe (Shoe ID 048) as it has been a large number of steps, and hopefully has significant wear, in order for the initial observations and detection a bit easier

Ploting the shoes over time to see how they have decayed. 

```{r shoe-over-time2, rgl = TRUE, dev = 'png', fig.width = 10, fig.height = nr*10/mean(single_shoe$asp_ratio), out.width = "100%"}
open3d(windowRect = c(0, 0, 1000, nr1*round(1000/mean(shoe1$asp_ratio))), zoom = .5)
Sys.sleep(3)
mfrow3d(nr = nr1, nc = 1, byrow = T, sharedMouse = T)
purrr::walk2(shoe1$resid, shoe1$date, function(x, y) {
  triangles3d(x, col = "cyan", aspect = "iso")
  title3d(y)
  next3d(clear = F)
})
```


```{r}
#grabbing the first shoe scan of 048
stl_file048 <- list.files("../data-raw", pattern = ".stl", full.names = T)
stl_file_path048 <- stl_file048[str_detect(stl_file048, "048462L")][1]
stl048 <- readSTL(con = stl_file_path048, ascii = F, plot = F)

stl_centered048 <- scale(stl048, center = T, scale = F)

```


```{r convenience-objects}
# get aspect ratio and ranges
asp_ranges048 <- apply(stl_centered048, 2, function(x) diff(range(x)))
asp_ratio048 <- asp_ranges048[1]/asp_ranges048[2] # This actually isn't correct - need to use pca or something to get reasonable surface rotation matrix?
```



```{r surface-setup}
spline_degs048 <- purrr::map(1:8, ~mba.points(stl_centered048, stl_centered048[,1:2], asp_ratio048, 1, h = .)[[1]])
np048 <- length(spline_degs048)
nr048 <- ceiling(np048/2)
nc048 <- 2
```


Showing the hierarchiacal levels of detail of shoe 048 for the first initial scan of a shoe.



```{r surface-plot, rgl = TRUE, dev = 'png', fig.width = (nc * 1000)/100, fig.height = nr * round(1000 / asp_ratio)/100, out.width = "100%"}
rmat048 <- structure(c(0.945378839969635, -0.203441321849823, -0.254675090312958, 
                    0, -0.176523759961128, 0.337278544902802, -0.924700558185577, 
                    0, 0.274019628763199, 0.919150471687317, 0.28294575214386, 0, 
                    0, 0, 0, 1), .Dim = c(4L, 4L))

open3d(windowRect = c(0, 0, nc048 * 1000, nr048 * round(1000 / asp_ratio048)), zoom = .5)
Sys.sleep(3)
mfrow3d(nr = nr048, nc = nc048, byrow = T, sharedMouse = T)
purrr::walk(1:length(spline_degs048), function(x) {
  rgl::triangles3d(spline_degs048[[x]], col = "cyan", aspect = "iso")
  title3d(sprintf("Hierarchical Levels: %d", x))
  view3d(userMatrix = rmat048, zoom = .5)
  next3d(clear = F)
})
```

To match the shoes, we are going to try and allign with heirachical level 5, as it has some detail in the overall form of the soul of the shoe. Now pulling out the fifth level: 

```{r}
Hier048<-spline_degs048[[5]]
#plotting in order to view it
shoe_flip_angle <- structure(
  c(-0.999475359916687, -0.0319919027388096, -0.0030277690384537, 
     0, -0.0320942476391792, 0.99845552444458, 0.0450587198138237, 
     0, 0.0015826690942049, 0.0451280698180199, -0.998970746994019, 
     0, 0, 0, 0, 1), .Dim = c(4L, 4L)) 
open3d()
rgl::triangles3d(Hier048, aspect = "iso", col = "red")
view3d(userMatrix = shoe_flip_angle, zoom = .5)
```


Now this the first scan of the shoe, we now want to do the fourth scan as well (as the most deteriartion will occur after the most number of steps. 

```{r}
#grabbing the fourth shoe scan of 048
stl_file_path048_4 <- stl_file048[str_detect(stl_file048, "048462L")][4]
stl048_4 <- readSTL(con = stl_file_path048_4, ascii = F, plot = F)

stl_centered048_4 <- scale(stl048_4, center = T, scale = F)

```


```{r convenience-objects}
# get aspect ratio and ranges
asp_ranges048_4 <- apply(stl_centered048_4, 2, function(x) diff(range(x)))
asp_ratio048_4 <- asp_ranges048_4[1]/asp_ranges048_4[2] # This actually isn't correct - need to use pca or something to get reasonable surface rotation matrix?
```


```{r surface-setup}
spline_degs048_4 <- purrr::map(1:8, ~mba.points(stl_centered048_4, stl_centered048_4[,1:2], asp_ratio048_4, 1, h = .)[[1]])
np048_4 <- length(spline_degs048_4)
nr048_4 <- ceiling(np048_4/2)
nc048_4 <- 2
```


Showing the hierarchiacal levels of detail of shoe 048 scan 4

```{r surface-plot, rgl = TRUE, dev = 'png', fig.width = (nc * 1000)/100, fig.height = nr * round(1000 / asp_ratio)/100, out.width = "100%"}
rmat048_4 <- structure(c(0.945378839969635, -0.203441321849823, -0.254675090312958, 
                    0, -0.176523759961128, 0.337278544902802, -0.924700558185577, 
                    0, 0.274019628763199, 0.919150471687317, 0.28294575214386, 0, 
                    0, 0, 0, 1), .Dim = c(4L, 4L))

open3d(windowRect = c(0, 0, nc048_4 * 1000, nr048_4 * round(1000 / asp_ratio048_4)), zoom = .5)
Sys.sleep(3)
mfrow3d(nr = nr048_4, nc = nc048_4, byrow = T, sharedMouse = T)
purrr::walk(1:length(spline_degs048_4), function(x) {
  rgl::triangles3d(spline_degs048_4[[x]], col = "cyan", aspect = "iso")
  title3d(sprintf("Hierarchical Levels: %d", x))
  view3d(userMatrix = rmat048_4, zoom = .5)
  next3d(clear = F)
})
```


Now taking the fifth level: 

```{r}
Hier048_4<-spline_degs048_4[[5]]
#plotting in order to view it
open3d()
rgl::triangles3d(Hier048_4, aspect = "iso", col = "blue")
view3d(userMatrix = shoe_flip_angle, zoom = .5)
```

 Now we want to allign the hierarchial levels first at level 5. 




 
 
 
 
 
 

